1599310722522112
1722968967235586
1722969101453312
1722969109841920
1722969114036225
1722969118230528
1722969118230529
1722969122424832
1722969122424833
1722969126619136
1722969126619137
1722969130813440
1722969130813441
1722969130813442
1722969135007744
1722969135007745
1722969135007746
1722969139202048
1722969139202049
1722969139202050
1722969143396352
1722969143396353
1722969147590656
1722969147590657
1722969151784960
1722969151784961
1722969155979264
1722969155979265
1722969160173568
1722969160173569
1722969164367872
1722969164367873
1722969168562176
1722969311168512
1722969315362816
1722969315362817
1722969319557120
1722969319557121
1722969319557122
1722969323751424
1722969323751425
1722969323751426
1722969327945728
1722969327945729
1722969327945730
1722969332140032
1722969332140033
1722969332140034
1722969332140035
1722969332140036
1722969336334336
1722969336334337
1722969336334338
1722969336334339
1722969340528640
1722969340528641
1722969340528642
1722969344722944
1722969344722945
1722969344722946
1722969344722947
1722969344722948
1722969344722949
1722969348917248
1722969348917249
1722969348917250
1722969348917251
1722969348917252
1722969348917253
1722969353111552
1722969353111553
1722969353111554
1722969499912192
1722969499912193
1722969504106496
1722969504106497
1722969504106498
1722969508300800
1722969508300801
1722969508300802
1722969512495104
1722969512495105
1722969512495106
1722969516689408
1722969516689409
1722969516689410
1722969520883712
1722969520883713
1722969520883714
1722969520883715
1722969525078016
1722969525078017
1722969525078018
1722969525078019
1722969529272320
1722969529272321
1722969529272322
1722969529272323
1722969533466624
1722969533466625
1722969533466626
1722969533466627
1722969533466628
1722969533466629
1722969537660928
1722969537660929
1722969537660930
1722969537660931
1722969537660932
1722969541855232
1722969541855233
1722969541855234
1722969692850176
1722969697044480
1722969697044481
1722969697044482
1722969701238784
1722969701238785
1722969701238786
1722969701238787
1722969705433088
1722969705433089
1722969705433090
1722969705433091
1722969705433092
1722969705433093
1722969709627392
1722969709627393
1722969709627394
1722969709627395
1722969713821696
1722969713821697
1722969713821698
1722969713821699
1722969713821700
1722969718016000
1722969718016001
1722969718016002
1722969718016003
1722969718016004
1722969722210304
1722969722210305
1722969722210306
1722969722210307
1722969722210308
1722969726404608
1722969726404609
1722969726404610
1722969726404611
1722969730598912
1722969730598913
1722969730598914
1722969860622336
1722969864816640
1722969869010944
1722969869010945
1722969869010946
1722969869010947
1722969873205248
1722969873205249
1722969873205250
1722969873205251
1722969877399552
1722969877399553
1722969877399554
1722969877399555
1722969881593856
1722969881593857
1722969885788160
1722969885788161
1722969885788162
1722969885788163
1722969889982464
1722969889982465
1722969889982466
1722969889982467
1722969894176768
1722969894176769
1722969898371072
1722969898371073
1722969898371074
1722969898371075
1722969898371076
1722969902565376
1722970036783104
1722970040977408
1722970040977409
1722970040977410
1722970045171712
1722970045171713
1722970045171714
1722970045171715
1722970049366016
1722970049366017
1722970049366018
1722970049366019
1722970053560320
1722970053560321
1722970053560322
1722970053560323
1722970057754624
1722970057754625
1722970057754626
1722970057754627
1722970061948928
1722970061948929
1722970061948930
1722970061948931
1722970061948932
1722970066143232
1722970066143233
1722970066143234
1722970066143235
1722970070337536
1722970070337537
1722970074531840
1722970074531841
1722970074531842
1722970074531843
1722970074531844
1722970078726144
1722970217138176
1722970221332480
1722970221332481
1722970221332482
1722970225526784
1722970225526785
1722970225526786
1722970229721088
1722970229721089
1722970229721090
1722970229721091
1722970233915392
1722970233915393
1722970233915394
1722970233915395
1722970238109696
1722970238109697
1722970238109698
1722970238109699
1722970238109700
1722970242304000
1722970242304001
1722970246498304
1722970246498305
1722970246498306
1722970250692608
1722970250692609
1722970250692610
1722970254886912
1722970254886913
1722970254886914
1722970259081216
1722970259081217
1722970263275520
1722970263275521
1722970263275522
1722970263275523
1722970410076160
1722970414270464
1722970418464768
1722970418464769
1722970418464770
1722970422659072
1722970422659073
1722970422659074
1722970426853376
1722970426853377
1722970431047680
1722970431047681
1722970431047682
1722970435241984
1722970435241985
1722970439436288
1722970439436289
1722970439436290
1722970439436291
1722970439436292
1722970443630592
1722970443630593
1722970443630594
1722970443630595
1722970447824896
1722970447824897
1722970447824898
1722970447824899
1722970452019200
1722970452019201
1722970452019202
1722970456213504
1722970456213505
1722970456213506
1722970456213507
1722970460407808
1722970460407809
1722970460407810
1722970460407811
1722970460407812
1722970464602112
1722970464602113
1722970468796416
1722970615597056
1722970619791360
1722970619791361
1722970623985664
1722970623985665
1722970623985666
1722970623985667
1722970623985668
1722970623985669
1722970628179968
1722970628179969
1722970628179970
1722970632374272
1722970632374273
1722970632374274
1722970632374275
1722970632374276
1722970636568576
1722970636568577
1722970636568578
1722970636568579
1722970636568580
1722970636568581
1722970640762880
1722970640762881
1722970640762882
1722970640762883
1722970644957184
1722970644957185
1722970644957186
1722970644957187
1722970649151488
1722970649151489
1722970649151490
1722970649151491
1722970649151492
1722970653345792
1722970653345793
1722970653345794
1722970657540096
1722970657540097
1722970657540098
1722970657540099
1722970657540100
1722970657540101
1722970795952128
1722970800146432
1722970800146433
1722970800146434
1722970804340736
1722970804340737
1722970804340738
1722970804340739
1722970804340740
1722970804340741
1722970808535040
1722970808535041
1722970808535042
1722970808535043
1722970808535044
1722970808535045
1722970812729344
1722970812729345
1722970812729346
1722970812729347
1722970812729348
1722970812729349
1722970812729350
1722970816923648
1722970816923649
1722970816923650
1722970816923651
1722970816923652
1722970821117952
1722970821117953
1722970821117954
1722970821117955
1722970825312256
1722970825312257
1722970825312258
1722970825312259
1722970829506560
1722970829506561
1722970829506562
1722970829506563
1722971160856576
1722971165050880
1722971165050881
1722971165050882
1722971165050883
1722971165050884
1722971169245184
1722971169245185
1722971173439488
1722971173439489
1722971173439490
1722971173439491
1722971173439492
1722971173439493
1722971177633792
1722971177633793
1722971177633794
1722971177633795
1722971177633796
1722971181828096
1722971181828097
1722971181828098
1722971181828099
1722971181828100
1722971186022400
1722971186022401
1722971186022402
1722971186022403
1722971190216704
1722971190216705
1722971190216706
1722971190216707
1722971190216708
1722971190216709
1722971194411008
1722971194411009
1722971194411010
1722971198605312
1722971198605313
1722971198605314
1722971362183168
1722971362183169
1722971362183170
1722971362183171
1722971362183172
1722971366377472
1722971366377473
1722971366377474
1722971366377475
1722971366377476
1722971370571776
1722971370571777
1722971374766080
1722971374766081
1722971378960384
1722971378960385
1722971387348992
1722971391543296
1722971391543297
1722971391543298
1722971395737600
1722971395737601
1722971399931904
1722971399931905
1722971399931906
1722971399931907
1722971404126208
1722971404126209
1722971404126210
1722971408320512
1722971408320513
1722971408320514
1722971408320515
1722971412514816
1722971412514817
1722971412514818
1722971412514819
1722971416709120
1722971416709121
1722971416709122
1722971420903424
1722971420903425
1722971420903426
1722971420903427
1722971425097728
1722971425097729
1722971425097730
1722971429292032
1722971567704064
1722971567704065
1722971567704066
1722971567704067
1722971571898368
1722971571898369
1722971571898370
1722971571898371
1722971576092672
1722971576092673
1722971580286976
1722971580286977
1722971580286978
1722971580286979
1722971584481280
1722971584481281
1722971584481282
1722971584481283
1722971588675584
1722971588675585
1722971588675586
1722971592869888
1722971592869889
1722971592869890
1722971592869891
1722971592869892



1722971597064192
1722971597064193
1722971597064194
1722971601258496
1722971601258497
1722971601258498
1722971601258499
1722971605452800
1722971605452801
1722971605452802
1722971605452803
1722971605452804
1722971609647104
1722971731281920
1722971735476224
1722971735476225
1722971735476226
1722971739670528
1722971739670529
1722971739670530
1722971739670531
1722971743864832
1722971743864833
1722971743864834
1722971748059136
1722971748059137
1722971748059138
1722971748059139
1722971752253440
1722971756447744
1722971756447745
1722971756447746
1722971756447747
1722971760642048
1722971760642049
1722971760642050
1722971764836352
1722971764836353
1722971764836354
1722971769030656
1722971769030657
1722971911636992
1722971911636993
1722971915831296
1722971915831297
1722971920025600
1722971920025601
1722971920025602
1722971924219904
1722971924219905
1722971924219906
1722971924219907
1722971932608512
1722971932608513
1722971932608514
1722971936802816
1722971936802817
1722971936802818
1722971940997120
1722971940997121
1722971940997122
1722971940997123
1722971945191424
1722971945191425
1722971945191426
1722971949385728
1722971949385729
1722971949385730
1722971953580032
1722971953580033
1722971953580034
1722971953580035
1722971957774336
1722971957774337
1722971957774338
1722971957774339
1722971957774340
1722972108769280
1722972108769281
1722972108769282
1722972112963584
1722972112963585
1722972112963586
1722972117157888
1722972117157889
1722972121352192
1722972121352193
1722972125546496
1722972125546497
1722972125546498
1722972129740800
1722972129740801
1722972129740802
1722972129740803
1722972133935104
1722972133935105
1722972133935106
1722972133935107
1722972138129408
1722972138129409
1722972138129410
1722972138129411
1722972142323712
1722972142323713
1722972142323714
1722972142323715
1722972146518016
1722972146518017
1722972146518018
1722972146518019
1722972150712320
1722972150712321
1722972154906624
1722972154906625
1722972154906626
1722972154906627
1722972159100928
1722972159100929
1722972305901568
1722972310095872
1722972310095873
1722972310095874
1722972314290176
1722972314290177
1722972314290178
1722972318484480
1722972318484481
1722972318484482
1722972322678784
1722972322678785
1722972326873088
1722972326873089
1722972326873090
1722972326873091
1722972331067392
1722972331067393
1722972331067394
1722972335261696
1722972335261697
1722972339456000
1722972339456001
1722972339456002
1722972339456003
1722972343650304
1722972343650305
1722972343650306
1722972347844608
1722972347844609
1722972347844610
1722972352038912
1722972352038913
1722972352038914
1722972352038915
1722972356233216
1722972356233217
1722972356233218
1722972356233219
1722972360427520
1722972360427521
1722972360427522
1722972498839552
1722972498839553
1722972503033856
1722972503033857
1722972503033858
1722972503033859
1722972503033860
1722972507228160
1722972507228161
1722972507228162
1722972507228163
1722972511422464
1722972511422465
1722972511422466
1722972511422467
1722972511422468
1722972515616768
1722972515616769
1722972515616770
1722972515616771
1722972515616772
1722972519811072
1722972519811073
1722972519811074
1722972524005376
1722972528199680
1722972528199681
1722972528199682
1722972528199683
1722972532393984
1722972532393985
1722972532393986
1722972532393987
1722972628862976
1722972628862977
1722972633057280
1722972633057281
1722972633057282
1722972633057283
1722972637251584
1722972771469312
1722972771469313
1722972771469314
1722972771469315
1722972771469316
1722972775663616
1722972775663617
1722972775663618
1722972779857920
1722972779857921
1722972779857922
1722972779857923
1722972784052224
1722972784052225
1722972784052226
1722972784052227
1722972784052228
1722972788246528
1722972788246529
1722972788246530
1722972788246531
1722972792440832
1722972792440833
1722972792440834
1722972792440835
1722972796635136
1722972796635137
1722972796635138
1722972796635139
1722972901492736
1722972905687040
1722972909881344
1722972909881345
1722972909881346
1722972909881347
1722972909881348
1722972914075648
1722972914075649
1722972914075650
1722972914075651
1722972914075652
1722972918269952
1722972918269953
1722972918269954
1722972918269955
1722973039904768
1722973039904769
1722973044099072
1722973044099073
1722973048293376
1722973048293377
1722973052487680
1722973052487681
1722973052487682
1722973052487683
1722973052487684
1722973056681984
1722973056681985
1722973056681986
1722973056681987
1722973056681988
1722973060876288
1722973060876289
1722973060876290
1722973065070592
1722973065070593
1722973065070594
1722973065070595
1722973069264896
1722973069264897
1722973069264898
1722973069264899
1722973073459200
1722973073459201
1722973073459202
1722973488695296
1722973492889600
1722973492889601
1722973492889602
1722973492889603
1722973497083904
1722973497083905
1722973497083906
1722973501278208
1722973501278209
1722973501278210
1722973501278211
1722973505472512
1722973505472513
1722973505472514
1722973505472515
1722973509666816
1722973509666817
1722973509666818
1722973509666819
1722973509666820
1722973513861120
1722973513861121
1722973513861122
1722973513861123
1722973518055424
1722973518055425
1722973518055426
1722973518055427
1722973518055428
1722973522249728
1722973522249729
1722973522249730
1722973522249731
1722973522249732
1722973664856064
1722973669050368
1722973673244672
1722973673244673
1722973673244674
1722973677438976
1722973677438977
1722973677438978
1722973681633280
1722973681633281
1722973681633282
1722973685827584
1722973685827585
1722973685827586
1722973690021888
1722973690021889
1722973690021890
1722973690021891
1722973694216192
1722973694216193
1722973694216194
1722973694216195
1722973694216196
1722973698410496
1722973698410497
1722973698410498
1722973698410499
1722973698410500
1722973706799104
1722973706799105
1722973706799106
1722973706799107
1722973706799108
1722973710993408
1722973710993409
1722973710993410
1722973710993411
1722973710993412
1722973715187712
1722973715187713
1722973715187714
1722973861988352
1722973861988353
1722973861988354
1722973861988355
1722973861988356
1722973861988357
1722973866182656
1722973866182657
1722973866182658
1722973866182659
1722973866182660
1722973870376960
1722973870376961
1722973870376962
1722973870376963
1722973870376964
1722973874571264
1722973874571265
1722973874571266
1722973874571267
1722973874571268
1722973878765568
1722973878765569
1722973878765570
1722973878765571
1722973878765572
1722973882959872
1722973882959873
1722973882959874
1722973882959875
1722973882959876
1722973887154176
1722973887154177
1722973887154178
1722973891348480
1722973891348481
1722973891348482
1722973891348483
1722973891348484
1722973895542784
1722973895542785
1722973895542786
1722973895542787
1722973895542788
1722974050732032
1722974054926336
1722974054926337
1722974059120640
1722974059120641
1722974059120642
1722974059120643
1722974059120644
1722974063314944
1722974063314945
1722974063314946
1722974063314947
1722974063314948
1722974063314949
1722974067509248
1722974067509249
1722974067509250
1722974067509251
1722974067509252
1722974067509253
1722974071703552
1722974071703553
1722974071703554
1722974071703555
1722974071703556
1722974071703557
1722974075897856
1722974075897857
1722974075897858
1722974075897859
1722974080092160
1722974080092161
1722974080092162
1722974080092163
1722974080092164
1722974084286464
1722974084286465
1722974084286466
1722974084286467
1722974084286468
1722974084286469
1722974088480768
1722974088480769
1722974088480770
1722974088480771
1722974088480772
1722974088480773
1722974092675072
1722974092675073
1722974247864320
1722974252058624
1722974252058625
1722974256252928
1722974256252929
1722974256252930
1722974260447232
1722974260447233
1722974260447234
1722974264641536
1722974264641537
1722974264641538
1722974268835840
1722974268835841
1722974273030144
1722974273030145
1722974273030146
1722974277224448
1722974277224449
1722974277224450
1722974281418752
1722974281418753
1722974281418754
1722974285613056
1722974285613057
1722974285613058
1722974289807360
1722974289807361
1722974289807362
1722974294001664
1722974294001665
1722974294001666
1722974294001667
1722974298195968
1722974298195969
1722974298195970
1722974302390272
1722974302390273
1722974302390274
1722974306584576
1722974306584577
1722974310778880
1722974310778881
1722974310778882
1722974314973184
1722974465968128
1722974465968129
1722974465968130
1722974465968131
1722974470162432
1722974470162433
1722974470162434
1722974470162435
1722974470162436
1722974470162437
1722974474356736

1722974474356737
1722974474356738
1722974474356739
1722974474356740
1722974478551040
1722974478551041
1722974478551042
1722974478551043
1722974478551044
1722974482745344
1722974482745345
1722974482745346
1722974482745347
1722974486939648
1722974486939649
1722974486939650
1722974486939651
1722974491133952
1722974491133953
1722974491133954
1722974495328256
1722974495328257
1722974495328258
1722974495328259
1722974495328260
1722974499522560
1722974499522561
1722974654711808
1722974654711809
1722974658906112
1722974658906113
1722974658906114
1722974663100416
1722974663100417
1722974663100418
1722974667294720
1722974667294721
1722974667294722
1722974671489024
1722974671489025
1722974671489026
1722974675683328
1722974675683329
1722974679877632
1722974679877633
1722974679877634
1722974679877635
1722974684071936
1722974684071937
1722974684071938
1722974688266240
1722974688266241
1722974688266242
1722974692460544
1722974692460545
1722974692460546
1722974696654848
1722974696654849
1722974696654850
1722974696654851
1722974700849152
1722974700849153
1722974700849154
1722974705043456
1722974705043457
1722974705043458
1722974705043459
1722974709237760
1722974709237761
1722974709237762
1722974709237763
1722974713432064
1722974877009920
1722974877009921
1722974881204224
1722974881204225
1722974885398528
1722974885398529
1722974885398530
1722974885398531
1722974889592832
1722974889592833
1722974889592834
1722974889592835
1722974893787136
1722974893787137
1722974897981440
1722974897981441
1722974897981442
1722974902175744
1722974902175745
1722974906370048
1722974906370049
1722974910564352
1722974910564353
1722974910564354
1722974914758656
1722974914758657
1722974914758658
1722974918952960
1722974918952961
1722974923147264
1722974923147265
1722974923147266
1722974927341568
1722974927341569
1722974927341570
1722974927341571
1722974931535872
1722974931535873
1722974931535874
1722974935730176
1722974935730177
1722974935730178
1722974935730179
1722974939924480
1722974939924481
1722974939924482
1722974944118784
1722974944118785
1722974944118786
1722975053170688
1722975057364992
1722975061559296
1722975061559297
1722975061559298
1722975061559299
1722975065753600
1722975065753601
1722975074142208
1722975074142209
1722975078336512
1722975078336513
1722975078336514
1722975078336515
1722975078336516
1722975078336517
1722975082530816
1722975082530817
1722975082530818
1722975082530819
1722975082530820
1722975082530821
1722975183194112
1722975187388416
1722975187388417
1722975191582720
1722975191582721
1722975191582722
1722975191582723
1722975195777024
1722975195777025
1722975195777026
1722975195777027
1722975195777028
1722975199971328
1722975199971329
1722975199971330
1722975199971331
1722975350966272
1722975350966273
1722975350966274
1722975355160576
1722975468406784
1722975472601088
1722975472601089
1722975472601090
1722975472601091
1722975472601092
1722975476795392
1722975476795393
1722975476795394
1722975476795395
1722975476795396
1722975476795397
1722975480989696
1722975480989697
1722975480989698
1722975480989699
1722975489378304
1722975682316288
1722975686510592
1722975686510593
1722975686510594
1722975686510595
1722975686510596
1722975690704896
1722975690704897
1722975690704898
1722975690704899
1722975694899200
1722975694899201
1722975694899202
1722975694899203
1722975694899204
1722975694899205
1722975699093504
1722975699093505
1722975699093506
1722975699093507
1722975703287808
1722975703287809
1722975703287810
1722975703287811
1722975703287812
1722975707482112
1722975707482113
1722975707482114
1722975707482115
1722975707482116
1722975711676416
1722975711676417
1722975711676418
1722975711676419
1722975711676420
1722975711676421
1722975715870720
1722975715870721
1722975715870722
1722975715870723
1722975715870724
1722975720065024
1722975858477056
1722975862671360
1722975862671361
1722975862671362
1722975862671363
1722975866865664
1722975866865665
1722975871059968
1722975871059969
1722975883642880
1722975892031488
1722975896225792
1722975900420096
1722975904614400
1722975908808704
1722975913003008
1722975921391616
1722975921391617
1722975921391618
1722975925585920
1722975929780224
1722975933974528
1722975942363136
1722975946557440
1722975950751744
1722975954946048
1722975959140352
1722975963334656
1722975963334657
1722975967528960
1722975967528961
1722975967528962
1722975971723264
1722975971723265
1722975975917568
1722975984306176
1722975988500480
1722975988500481
1722975988500482
1722975992694784
1722975992694785
1722975992694786
1722975996889088
1722975996889089
1722976126912512
1722976126912513
1722976131106816
1722976131106817
1722976131106818
1722976131106819
1722976131106820
1722976131106821
1722976135301120
1722976135301121
1722976135301122
1722976135301123
1722976135301124
1722976139495424
1722976139495425
1722976143689728
1722976143689729
1722976143689730
1722976143689731
1722976147884032
1722976147884033
1722976147884034
1722976147884035
1722976152078336
1722976152078337
1722976152078338
1722976156272640
1722976156272641
1722976160466944
1722976164661248
1722976164661249
1722976168855552
1722976173049856
1722976181438464
1722976185632768
1722976189827072
1722976189827073
1722976194021376
1722976349210624
1722976349210625
1722976349210626
1722976349210627
1722976353404928
1722976353404929
1722976353404930
1722976353404931
1722976353404932
1722976357599232
1722976357599233
1722976357599234
1722976357599235
1722976357599236
1722976361793536
1722976361793537
1722976361793538
1722976361793539
1722976361793540
1722976361793541
1722976365987840
1722976365987841
1722976365987842
1722976365987843
1722976365987844
1722976370182144
1722976370182145
1722976370182146
1722976370182147
1722976370182148
1722976374376448
1722976374376449
1722976374376450
1722976374376451
1722976374376452
1722976378570752
1722976378570753
1722976378570754
1722976378570755
1722976378570756
1722976382765056
1722976382765057
1722976382765058
1722976382765059
1722976382765060
1722976386959360
1722976386959361
1722976386959362
1722976386959363
1722976386959364
1722976525371392
1722976529565696
1722976529565697
1722976529565698
1722976529565699
1722976533760000
1722976533760001
1722976533760002
1722976537954304
1722976537954305
1722976537954306
1722976537954307
1722976542148608
1722976542148609
1722976546342912
1722976546342913
1722976546342914
1722976546342915
1722976550537216
1722976554731520
1722976558925824
1722976563120128
1722976563120129
1722976567314432
1722976571508736
1722976571508737
1722976571508738
1722976575703040
1722976579897344
1722976579897345
1722976579897346
1722976579897347
1722976588285952
1722976588285953
1722976592480256
1722976592480257
1722976592480258
1722976592480259
1722976596674560
1722976600868864
1722976613451776
1722976617646080
1722976617646081
1722976617646082
1722976617646083
1722976617646084
1722976621840384
1722976739280896
1722976743475200
1722976743475201
1722976743475202
1722976743475203
1722976747669504
1722976747669505
1722976747669506
1722976747669507
1722976751863808
1722976751863809
1722976751863810
1722976756058112
1722976756058113
1722976756058114
1722976756058115
1722976756058116
1722976760252416
1722976760252417
1722976760252418
1722976760252419
1722976760252420
1722976764446720
1722976764446721
1722976764446722
1722976764446723
1722976768641024
1722976768641025
1722976768641026
1722976772835328
1722976772835329
1722976777029632
1722976902858752
1722976902858753
1722976902858754
1722976902858755
1722976907053056
1722976907053057
1722976907053058
1722976907053059
1722976907053060
1722976907053061
1722976911247360
1722976911247361
1722976911247362
1722976911247363
1722976911247364
1722976911247365
1722976915441664
1722976915441665
1722976915441666
1722976915441667
1722976915441668
1722976915441669
1722976919635968
1722976919635969
1722976919635970
1722976919635971
1722976919635972
1722976923830272
1722976923830273
1722976923830274
1722976923830275
1722976923830276
1722976928024576
1722976928024577
1722976928024578
1722977053853696
1722977053853697
1722977058048000
1722977058048001
1722977058048002
1722977058048003
1722977058048004
1722977062242304
1722977062242305
1722977062242306
1722977066436608
1722977070630912
1722977070630913
1722977070630914
1722977074825216
1722977074825217
1722977074825218
1722977079019520
1722977083213824
1722977083213825
1722977083213826
1722977087408128
1722977087408129
1722977087408130
1722977091602432
1722977091602433
1722977091602434
1722977095796736
1722977095796737
1722977095796738
1722977099991040
1722977188071424

1722977192265728
1722977196460032
1722977196460033
1722977196460034
1722977196460035
1722977200654336
1722977200654337
1722977200654338
1722977204848640
1722977204848641
1722977209042944
1722977209042945
1722977209042946
1722977213237248
1722977213237249
1722977213237250
