1599310722522112
1722966572288000
1722966576482304
1722966584870912
1722966589065216
1722966593259520
1722966593259521
1722966597453824
1722966597453825
1722966601648128
1722966605842432
1722966610036736
1722966610036737
1722966610036738
1722966614231040
1722966626813952
1722966631008256
1722966631008257
1722966635202560
1722966635202561
1722966635202562
1722966639396864
1722966639396865
1722966639396866
1722966643591168
1722966643591169
1722966647785472
1722966647785473
1722966647785474
1722966647785475
1722966647785476
1722966651979776
1722966651979777
1722966651979778
1722966651979779
1722966651979780
1722966656174080
1722966656174081
1722966656174082
1722966798780416
1722966798780417
1722966802974720
1722966802974721
1722966802974722
1722966802974723
1722966802974724
1722966807169024
1722966807169025
1722966807169026
1722966807169027
1722966807169028
1722966811363328
1722966811363329
1722966811363330
1722966815557632
1722966815557633
1722966815557634
1722966815557635
1722966819751936
1722966819751937
1722966819751938
1722966819751939
1722966819751940
1722966823946240
1722966823946241
1722966828140544
1722966828140545
1722966828140546
1722966832334848
1722966832334849
1722966832334850
1722966832334851
1722966832334852
1722966836529152
1722966836529153
1722966836529154
1722966836529155
1722966995912704
1722966995912705
1722967000107008
1722967000107009
1722967000107010
1722967004301312
1722967004301313
1722967004301314
1722967004301315
1722967004301316
1722967008495616
1722967008495617
1722967008495618
1722967008495619
1722967008495620
1722967012689920
1722967012689921
1722967016884224
1722967016884225
1722967021078528
1722967021078529
1722967025272832
1722967025272833
1722967029467136
1722967029467137
1722967029467138
1722967033661440
1722967033661441
1722967037855744
1722967037855745
1722967037855746
1722967042050048
1722967042050049
1722967042050050
1722967046244352
1722967046244353
1722967050438656
1722967050438657
1722967050438658
1722967054632960
1722967054632961
1722967054632962
1722967054632963
1722967058827264
1722967193044992
1722967197239296
1722967201433600
1722967201433601
1722967201433602
1722967205627904
1722967205627905
1722967209822208
1722967209822209
1722967214016512
1722967214016513
1722967218210816
1722967218210817
1722967218210818
1722967222405120
1722967222405121
1722967226599424
1722967226599425
1722967226599426
1722967230793728
1722967230793729
1722967234988032
1722967234988033
1722967234988034
1722967239182336
1722967239182337
1722967239182338
1722967243376640
1722967243376641
1722967243376642
1722967247570944
1722967251765248
1722967251765249
1722967251765250
1722967255959552
1722967402760192
1722967402760193
1722967402760194
1722967406954496
1722967411148800
1722967411148801
1722967411148802
1722967415343104
1722967415343105
1722967415343106
1722967415343107
1722967419537408
1722967419537409
1722967419537410
1722967419537411
1722967423731712
1722967423731713
1722967423731714
1722967423731715
1722967423731716
1722967427926016
1722967427926017
1722967427926018
1722967432120320
1722967432120321
1722967432120322
1722967432120323
1722967432120324
1722967432120325
1722967436314624
1722967436314625
1722967436314626
1722967436314627
1722967440508928
1722967440508929
1722967440508930
1722967440508931
1722967440508932
1722967444703232
1722967444703233
1722967599892480
1722967599892481
1722967604086784
1722967604086785
1722967604086786
1722967604086787
1722967604086788
1722967608281088
1722967608281089
1722967608281090
1722967608281091
1722967608281092
1722967612475392
1722967612475393
1722967612475394
1722967612475395
1722967612475396
1722967616669696
1722967616669697
1722967616669698
1722967616669699
1722967620864000
1722967620864001
1722967620864002
1722967620864003
1722967625058304
1722967625058305
1722967625058306
1722967625058307
1722967625058308
1722967629252608
1722967629252609
1722967629252610
1722967629252611
1722967633446912
1722967633446913
1722967633446914
1722967633446915
1722967633446916
1722967633446917
1722967637641216
1722967637641217
1722967637641218
1722967637641219
1722967637641220
1722967637641221
1722967641835520
1722967797024768
1722967797024769
1722967797024770
1722967797024771
1722967801219072
1722967801219073
1722967801219074
1722967801219075
1722967801219076
1722967801219077
1722967809607680
1722967809607681
1722967809607682
1722967809607683
1722967813801984
1722967813801985
1722967813801986
1722967813801987
1722967817996288
1722967817996289
1722967817996290
1722967817996291
1722967817996292
1722967817996293
1722967822190592
1722967822190593
1722967822190594
1722967822190595
1722967822190596
1722967826384896
1722967826384897
1722967826384898
1722967826384899
1722967826384900
1722967830579200
1722967830579201
1722967830579202
1722967830579203
1722967830579204
1722967834773504
1722967834773505
1722967977379840
1722967977379841
1722967977379842
1722967977379843
1722967981574144
1722967981574145
1722967981574146
1722967981574147
1722967981574148
1722967985768448
1722967985768449
1722967985768450
1722967985768451
1722967985768452
1722967989962752
1722967989962753
1722967989962754
1722967989962755
1722967994157056
1722967994157057
1722967994157058
1722967994157059
1722967998351360
1722967998351361
1722967998351362
1722967998351363
1722968002545664
1722968002545665
1722968002545666
1722968002545667
1722968002545668
1722968006739968
1722968006739969
1722968006739970
1722968006739971
1722968010934272
1722968128374784
1722968128374785
1722968132569088
1722968132569089
1722968136763392
1722968136763393
1722968140957696
1722968145152000
1722968149346304
1722968149346305
1722968153540608
1722968153540609
1722968157734912
1722968157734913
1722968157734914
1722968161929216
1722968161929217
1722968161929218
1722968166123520
1722968166123521
1722968166123522
1722968166123523
1722968170317824
1722968170317825
1722968170317826
1722968174512128
1722968174512129
1722968178706432
1722968321312768
1722968325507072
1722968325507073
1722968329701376
1722968333895680
1722968333895681
1722968333895682
1722968338089984
1722968338089985
1722968338089986
1722968342284288
1722968342284289
1722968342284290
1722968342284291
1722968346478592
1722968346478593
1722968346478594
1722968350672896
1722968350672897
1722968350672898
1722968350672899
1722968350672900
1722968354867200
1722968354867201
1722968354867202
1722968354867203
1722968354867204
1722968354867205
1722968359061504
1722968359061505
1722968359061506
1722968359061507
1722968359061508
1722968363255808
1722968363255809
1722968363255810
1722968367450112
1722968367450113
1722968493279232
1722968497473536
1722968497473537
1722968501667840
1722968501667841
1722968505862144
1722968505862145
1722968505862146
1722968510056448
1722968510056449
1722968514250752
1722968514250753
1722968518445056
1722968518445057
1722968518445058
1722968522639360
1722968522639361
1722968522639362
1722968526833664
1722968526833665
1722968531027968
1722968531027969
1722968535222272
1722968535222273
1722968535222274
1722968539416576
1722968539416577
1722968543610880
1722968543610881
1722968547805184
1722968547805185
1722968551999488
1722968551999489
1722968694605824
1722968694605825
1722968694605826
1722968698800128
1722968698800129
1722968702994432
1722968702994433
1722968707188736
1722968707188737
1722968711383040
1722968711383041
1722968711383042
1722968715577344
1722968715577345
1722968715577346
1722968719771648
1722968719771649
1722968719771650
1722968723965952
1722968723965953
1722968723965954
1722968723965955
1722968728160256
1722968728160257
1722968732354560
1722968732354561
1722968732354562
1722968736548864
1722968740743168
1722968740743169
1722968740743170
1722968744937472
1722968744937473
1722968744937474
1722968744937475
1722968749131776
1722968749131777
1722968749131778
1722968753326080
1722968916903936
1722968921098240
1722968921098241
1722968921098242
1722968925292544
1722968925292545
1722968925292546
1722968925292547
1722968925292548
1722968929486848
1722968929486849
1722968929486850
1722968929486851
1722968933681152
1722968933681153
1722968933681154
1722968933681155
1722968937875456
1722968937875457
1722968942069760
1722968942069761
1722968942069762
1722968942069763
1722968946264064
1722968946264065
1722968946264066
1722968946264067
1722968950458368
1722968950458369
1722968950458370
1722968954652672
1722968954652673
1722968954652674
1722968958846976
1722968958846977
1722968958846978
1722968958846979
1722968963041280
1722968963041281
1722968963041282
1722968967235584
1722968967235585
